[
    [
        "2021-04-01 00:00:00",
        16,
        -5.4,
        2.3,
        14,
        10.9,
        12,
        -40.2,
        -9.6
    ],
    [
        "2021-04-01 00:30:00",
        33.9,
        29.9,
        33.7,
        64.8,
        22,
        58.1,
        -174.5,
        -67.9
    ],
    [
        "2021-04-01 01:00:00",
        42.5,
        -36.7,
        -12.2,
        16.1,
        37.8,
        -19.4,
        -14.6,
        -13.5
    ],
    [
        "2021-04-01 01:30:00",
        4.3,
        34.9,
        -8.4,
        2.6,
        -15.6,
        -1,
        -37.4,
        20.6
    ],
    [
        "2021-04-01 02:00:00",
        13.6,
        -41.5,
        -57.9,
        -21.3,
        42.3,
        10.7,
        44.6,
        9.5
    ],
    [
        "2021-04-01 02:30:00",
        42.5,
        -37,
        -4.6,
        -27,
        -35.8,
        3.6,
        10.4,
        47.9
    ],
    [
        "2021-04-01 03:00:00",
        16.2,
        29.3,
        30,
        -56.3,
        18.3,
        -40.5,
        46.1,
        -43.1
    ],
    [
        "2021-04-01 03:30:00",
        -70,
        18.7,
        -58.2,
        -34.6,
        -130.2,
        51.8,
        115.4,
        107.1
    ],
    [
        "2021-04-01 04:00:00",
        16.3,
        78.6,
        -22.3,
        22.9,
        -13,
        -18.6,
        -45.3,
        -18.6
    ],
    [
        "2021-04-01 04:30:00",
        -18.8,
        -30,
        44.1,
        60.3,
        -12.8,
        7,
        -8.5,
        -41.3
    ],
    [
        "2021-04-01 05:00:00",
        46.3,
        -71.6,
        -27,
        -44.6,
        -9.3,
        6.8,
        40.3,
        59.1
    ],
    [
        "2021-04-01 05:30:00",
        4.1,
        -30,
        -56.8,
        12.2,
        25.8,
        11.1,
        1.5,
        32.1
    ],
    [
        "2021-04-01 06:00:00",
        36.7,
        -6.8,
        15,
        -21.3,
        3.9,
        -13.3,
        -15,
        0.8
    ],
    [
        "2021-04-01 06:30:00",
        -54,
        57,
        16.2,
        25.5,
        18,
        -60.6,
        -24.6,
        22.5
    ],
    [
        "2021-04-01 07:00:00",
        -3.9,
        14.5,
        -14.5,
        -32,
        -27.1,
        -39.9,
        54.6,
        48.3
    ],
    [
        "2021-04-01 07:30:00",
        -19,
        2.1,
        3.5,
        -3.8,
        8.8,
        -15.2,
        5.5,
        18.1
    ],
    [
        "2021-04-01 08:00:00",
        -1.6,
        -71.4,
        2,
        -46.6,
        77,
        3.6,
        32.4,
        4.6
    ],
    [
        "2021-04-01 08:30:00",
        -61.9,
        -0.300000000000002,
        -28.5,
        -21.7,
        -18.6,
        26.4,
        54.3,
        50.3
    ],
    [
        "2021-04-01 09:00:00",
        40.6,
        37.5,
        -16.8,
        -65.6,
        -49.5,
        -36.9,
        24.2,
        66.5
    ]
]